#
M2amp 3.05246360e-03 4.38845961e-03 1.04467645e-03
M2pha 3.24421532e+02 1.05587076e+02 -3.81988378e+01
S2amp 1.63216612e+00 1.63858868e-02 1.69626329e-02
S2pha 2.34981891e+02 -4.93615489e+01 4.21678234e-02
N2amp 1.25279195e+01 5.16460143e-03 2.85012886e-03
N2pha 2.16045732e+02 1.07032843e+02 2.08185933e+02
K1amp 1.63647196e+00 8.53821578e-03 1.05551809e-02
K1pha 7.08332077e+01 -1.82606102e+00 -7.88628625e-02
O1amp 1.04249171e+00 2.50780779e-02 1.54723915e-02
O1pha 2.23412916e+02 2.19600347e+02 2.67325036e+02
Q1amp 1.92574080e+00 2.41300515e-03 1.54297452e-03
Q1pha 6.94591424e+01 -3.94022643e+01 -4.28495872e+01
K2amp 1.96378933e+01 4.14552298e-03 3.50835924e-03
K2pha 3.72219297e+01 2.10172463e+02 1.97881927e+02
P1amp 2.19322067e+00 1.16478955e-02 1.15288411e-02
P1pha 7.53687090e+01 8.45934632e+01 4.45045974e+02
